529120576079
68802443599
296022769723
76078076777
480616032991
947873523473
176155659587
809589029573
238102333409
387074784751
598093564169
539604726779
674774634013
164461865189
464062006657
742573566139
335768084011
189977647973
946437590083
43542721421
969651060803
109487160313
521818323277
881360033531
77308555579
502215835669
953951835449
998696358133
326120300057
918229898447
150856037201
907423822973
255469808497
659671104997
284989807147
375132077953
708431345161
127564950109
938185177889
489838585813
377110285169
187227741697
992888403103
67713898981
22442231561
207757234183
553277646401
505462879517
6298346317
737026920037
612341235019
673191060203
75848080019
780338794057
22965334939
439677694633
456780037817
182873167391
297941569183
131647133369
601150028519
129237542009
146759597471
968980043573
995062312589
220346730347
755456078477
236183743573
638868181823
938928675871
120319535443
207160579151
236312983061
679327900751
455372788243
173695907971
67432104059
592284781019
451821492917
768805461143
241282709279
414928891031
757346844521
970180077649
78471170027
770112161699
750762287567
305679248041
167076548603
934413592921
881555783161
888475070683
497842174363
820698394231
84414734689
97653216743
421167197327
542621728843
277911979769
568284972193
101955089833
801072289697
850096844039
527360563963
687110232521
623017374769
728898085957
614809673741
